CS1 results:
R=3.0575 m
102115:[  -1.9405  223.2363  541.6008  858.3194][ 7.671   1.7698  2.0127  2.207 ]
102116:[  -0.9697  218.6635  532.3166  868.9595][ 4.6025  0.7162  2.1422  0.8539]
102117:[  -2.2171  229.6105  555.4578  831.2875][ 2.3439  3.9726  1.0008  0.3707]

R=3.1350 m
102115:[  -1.9405  223.2363  541.6008  858.3194][ 6.5784  5.1535  1.7443  2.1538]
102116:[  -0.9697  218.6635  532.3166  868.9595][ 3.777   4.4539  1.7315  1.8824]
102117:[  -2.2171  229.6105  555.4578  831.2875][ 3.1322  3.2251  0.2556 -0.2005]

R=3.2120 m
102115:[  -1.9405  223.2363  541.6008  858.3194][ 5.6922  4.7333  2.8879  0.8227]
102116:[  -0.9697  218.6635  532.3166  868.9595][ 4.4413  4.7661  1.7979 -0.4455]
102117:[  -2.2171  229.6105  555.4578  831.2875][ 4.345   4.52    1.363   0.1952]

R=3.2847 m
102115:[  -1.9405  223.2363  541.6008  858.3194][ 6.443   5.7602  4.0437  2.8045]
102116:[  -0.9697  218.6635  532.3166  868.9595][ 5.9479  4.5398  4.7907  1.5521]
102117:[  -2.2171  229.6105  555.4578  831.2875][ 5.0894  5.5416  3.1711  1.6603]

R=3.3602 m
102115:[  -1.9405  223.2363  541.6008  858.3194][ 5.6474  6.1717  5.329   2.8923]
102116:[  -0.9697  218.6635  532.3166  868.9595][ 5.9465  4.8177  4.934   2.5453]
102117:[  -2.2171  229.6105  555.4578  831.2875][ 5.2964  6.3635  4.6621  3.293 ]

R=3.4313 m
102115:[  -1.9405  223.2363  541.6008  858.3194][ 5.1742  5.024   5.9734  4.327 ]
102116:[  -0.9697  218.6635  532.3166  868.9595][ 4.5171  6.0196  5.2747  3.9387]
102117:[  -2.2171  229.6105  555.4578  831.2875][ 5.3005  6.2188  5.867   4.5889]

R=3.5014 m
102115:[  -1.9405  223.2363  541.6008  858.3194][ 4.7391  5.3184  5.999   5.1842]
102116:[  -0.9697  218.6635  532.3166  868.9595][ 5.5494  5.2268  6.0354  4.7008]
102117:[  -2.2171  229.6105  555.4578  831.2875][ 5.1343  5.8692  5.9587  5.5479]

R=3.5716 m
102115:[  -1.9405  223.2363  541.6008  858.3194][ 4.2191  4.5368  4.4408  3.5016]
102116:[  -0.9697  218.6635  532.3166  868.9595][ 4.6197  4.5551  4.4469  3.2625]
102117:[  -2.2171  229.6105  555.4578  831.2875][ 4.0475  5.0252  5.0316  4.8402]

R=3.6393 m
102115:[  -1.9405  223.2363  541.6008  858.3194][ 2.8119  3.0618  4.2142  3.1958]
102116:[  -0.9697  218.6635  532.3166  868.9595][ 2.9588  2.8789  4.2305  3.3237]
102117:[  -2.2171  229.6105  555.4578  831.2875][ 2.5718  3.5723  3.8111  3.9411]

R=3.7092 m
102115:[  -1.9405  223.2363  541.6008  858.3194][ 0.1679  0.7703  2.0208  1.5967]
102116:[  -0.9697  218.6635  532.3166  868.9595][ 0.6875  1.0213  1.4421  1.9237]
102117:[  -2.2171  229.6105  555.4578  831.2875][-0.5561  1.186   1.4785  1.9728]

CS2 results:
R=3.0575 m
102115:[  -1.662  308.595][-1.553 -1.027]
102116:[   4.986  306.24   637.168  956.407][-0.084  2.06  -3.748 -0.594]
103324:[  15.4904  329.5689  660.3757][ 3.8583  2.5848  0.4601]
103325:[  -1.4477  337.3141  635.6803][ 2.0905  3.306   1.9986]
103696:[   1.086  191.965  368.872  510.097  724.791  911.402][ 1.686  3.504  3.504  6.124  5.27   5.283]
105386:[  29.244  331.523][ 0.  0.]
105388:[   8.117  331.379][ 8.905  0.194]

R=3.1350 m
102115:[  -1.662  308.595][ 0.441  2.634]
102116:[   4.986  306.24   637.168  956.407][ 3.629  0.033  0.188  0.944]
103324:[  15.4904  329.5689  660.3757][ 1.7307  1.0856  1.2131]
103325:[  -1.4477  337.3141  635.6803][ 0.4776  1.4182  0.212 ]
103696:[   1.086  191.965  368.872  510.097  724.791  911.402][ 0.67   2.594  2.594  5.251  4.049  4.058]
105386:[  29.244  331.523][ 4.317 -1.432]
105388:[   8.117  331.379][-1.912 -1.541]

R=3.2120 m
102115:[  -1.662  308.595][ 1.131  1.739]
102116:[   4.986  306.24   637.168  956.407][-1.064  1.147  0.472  1.465]
103324:[  15.4904  329.5689  660.3757][ 0.8174  1.773   0.8221]
103325:[  -1.4477  337.3141  635.6803][ 0.3253  0.5824 -0.1225]
103696:[   1.086  191.965  368.872  510.097  724.791  911.402][ 1.771  3.473  3.473  4.744  4.111  4.128]
105386:[  29.244  331.523][ 0.229 -1.085]
105388:[   8.117  331.379][ 1.017 -0.487]

R=3.2847 m
102115:[  -1.662  308.595][ 1.07   2.857]
102116:[   4.986  306.24   637.168  956.407][ 2.075  1.669  0.507  0.76 ]
103324:[  15.4904  329.5689  660.3757][ 1.0036  0.8848 -0.0281]
103325:[  -1.4477  337.3141  635.6803][ 0.2096  0.5962 -0.0018]
103696:[   1.086  191.965  368.872  510.097  724.791  911.402][ 1.521  3.012  3.012  5.363  4.23   4.244]
105386:[  29.244  331.523][ 0.263  3.272]
105388:[   8.117  331.379][ 1.845  4.659]

R=3.3602 m
102115:[  -1.662  308.595][ 3.619  3.435]
102116:[   4.986  306.24   637.168  956.407][ 2.731  2.988  3.443  2.045]
103324:[  15.4904  329.5689  660.3757][ 2.1625  2.0998  0.8266]
103325:[  -1.4477  337.3141  635.6803][ 1.8098  2.2614  1.3092]
103696:[   1.086  191.965  368.872  510.097  724.791  911.402][ 3.315  4.75   4.75   5.807  4.436  4.452]
105386:[  29.244  331.523][ 3.433  3.006]
105388:[   8.117  331.379][ 2.449  3.436]

R=3.4313 m
102115:[  -1.662  308.595][ 4.604  5.005]
102116:[   4.986  306.24   637.168  956.407][ 4.151  3.805  1.828  2.919]
103324:[  15.4904  329.5689  660.3757][ 3.6195  4.4719  2.3635]
103325:[  -1.4477  337.3141  635.6803][ 3.4536  3.8187  3.1122]
103696:[   1.086  191.965  368.872  510.097  724.791  911.402][ 4.855  6.706  6.706  6.016  4.298  4.309]
105386:[  29.244  331.523][ 5.835  5.275]
105388:[   8.117  331.379][ 3.323  5.813]

R=3.5014 m
102115:[  -1.662  308.595][ 5.01   4.714]
102116:[   4.986  306.24   637.168  956.407][ 5.148  5.511  4.53   3.995]
103324:[  15.4904  329.5689  660.3757][ 5.4243  5.079   3.6389]
103325:[  -1.4477  337.3141  635.6803][ 5.0383  5.1292  4.2176]
103696:[   1.086  191.965  368.872  510.097  724.791  911.402][ 6.367  7.368  7.368  7.076  4.512  4.526]
105386:[  29.244  331.523][ 4.244  6.815]
105388:[   8.117  331.379][ 5.431  5.002]

R=3.5716 m
102115:[  -1.662  308.595][ 4.588  4.852]
102116:[   4.986  306.24   637.168  956.407][ 4.042  4.589  3.818  3.157]
103324:[  15.4904  329.5689  660.3757][ 4.7603  4.8188  2.9206]
103325:[  -1.4477  337.3141  635.6803][ 4.7203  4.7446  3.7726]
103696:[   1.086  191.965  368.872  510.097  724.791  911.402][ 6.001  7.323  7.323  6.059  4.038  4.053]
105386:[  29.244  331.523][ 4.573  5.3  ]
105388:[   8.117  331.379][ 4.874  4.85 ]

R=3.6393 m
102115:[  -1.662  308.595][ 3.432  2.926]
102116:[   4.986  306.24   637.168  956.407][ 3.039  3.413  2.537  2.697]
103324:[  15.4904  329.5689  660.3757][ 3.9179  3.8526  2.4489]
103325:[  -1.4477  337.3141  635.6803][ 3.9109  3.6713  3.1051]
103696:[   1.086  191.965  368.872  510.097  724.791  911.402][ 5.591  6.269  6.269  5.348  3.975  3.987]
105386:[  29.244  331.523][ 3.38   4.135]
105388:[   8.117  331.379][ 3.325  3.534]

R=3.7092 m
102115:[  -1.662  308.595][ 2.042  1.558]
102116:[   4.986  306.24   637.168  956.407][ 1.253  1.695  0.682  2.011]
103324:[  15.4904  329.5689  660.3757][ 2.3067  2.0405  1.6278]
103325:[  -1.4477  337.3141  635.6803][ 1.9527  1.896   2.0751]
103696:[   1.086  191.965  368.872  510.097  724.791  911.402][ 4.315  4.47   4.47   4.27   2.616  2.623]
105386:[  29.244  331.523][-0.468  0.47 ]
105388:[   8.117  331.379][ 0.384 -0.526]