R=3.0575 m
102115:[ 1.128  1.146][-1.553 -1.027]
102116:[ 1.157  1.152  1.162  1.152][-0.084  2.06  -3.748 -0.594]
103324:[ 1.121  1.128  1.125][ 3.8583  2.5848  0.4601]
103325:[ 1.1476  1.1297  1.1372][ 2.0905  3.306   1.9986]
103696:[ 1.158  1.17   1.166  1.152  1.155  1.162][ 1.686  3.504  3.504  6.124  5.27   5.283]
105386:[ 1.086  1.088][ 0.  0.]
105388:[ 1.159  1.155][ 8.905  0.194]

R=3.1350 m
102115:[ 1.128  1.146][ 0.441  2.634]
102116:[ 1.157  1.152  1.162  1.152][ 3.629  0.033  0.188  0.944]
103324:[ 1.121  1.128  1.125][ 1.7307  1.0856  1.2131]
103325:[ 1.1476  1.1297  1.1372][ 0.4776  1.4182  0.212 ]
103696:[ 1.158  1.17   1.166  1.152  1.155  1.162][ 0.67   2.594  2.594  5.251  4.049  4.058]
105386:[ 1.086  1.088][ 4.317 -1.432]
105388:[ 1.159  1.155][-1.912 -1.541]

R=3.2120 m
102115:[ 1.128  1.146][ 1.131  1.739]
102116:[ 1.157  1.152  1.162  1.152][-1.064  1.147  0.472  1.465]
103324:[ 1.121  1.128  1.125][ 0.8174  1.773   0.8221]
103325:[ 1.1476  1.1297  1.1372][ 0.3253  0.5824 -0.1225]
103696:[ 1.158  1.17   1.166  1.152  1.155  1.162][ 1.771  3.473  3.473  4.744  4.111  4.128]
105386:[ 1.086  1.088][ 0.229 -1.085]
105388:[ 1.159  1.155][ 1.017 -0.487]

R=3.2847 m
102115:[ 1.128  1.146][ 1.07   2.857]
102116:[ 1.157  1.152  1.162  1.152][ 2.075  1.669  0.507  0.76 ]
103324:[ 1.121  1.128  1.125][ 1.0036  0.8848 -0.0281]
103325:[ 1.1476  1.1297  1.1372][ 0.2096  0.5962 -0.0018]
103696:[ 1.158  1.17   1.166  1.152  1.155  1.162][ 1.521  3.012  3.012  5.363  4.23   4.244]
105386:[ 1.086  1.088][ 0.263  3.272]
105388:[ 1.159  1.155][ 1.845  4.659]

R=3.3602 m
102115:[ 1.128  1.146][ 3.619  3.435]
102116:[ 1.157  1.152  1.162  1.152][ 2.731  2.988  3.443  2.045]
103324:[ 1.121  1.128  1.125][ 2.1625  2.0998  0.8266]
103325:[ 1.1476  1.1297  1.1372][ 1.8098  2.2614  1.3092]
103696:[ 1.158  1.17   1.166  1.152  1.155  1.162][ 3.315  4.75   4.75   5.807  4.436  4.452]
105386:[ 1.086  1.088][ 3.433  3.006]
105388:[ 1.159  1.155][ 2.449  3.436]

R=3.4313 m
102115:[ 1.128  1.146][ 4.604  5.005]
102116:[ 1.157  1.152  1.162  1.152][ 4.151  3.805  1.828  2.919]
103324:[ 1.121  1.128  1.125][ 3.6195  4.4719  2.3635]
103325:[ 1.1476  1.1297  1.1372][ 3.4536  3.8187  3.1122]
103696:[ 1.158  1.17   1.166  1.152  1.155  1.162][ 4.855  6.706  6.706  6.016  4.298  4.309]
105386:[ 1.086  1.088][ 5.835  5.275]
105388:[ 1.159  1.155][ 3.323  5.813]

R=3.5014 m
102115:[ 1.128  1.146][ 5.01   4.714]
102116:[ 1.157  1.152  1.162  1.152][ 5.148  5.511  4.53   3.995]
103324:[ 1.121  1.128  1.125][ 5.4243  5.079   3.6389]
103325:[ 1.1476  1.1297  1.1372][ 5.0383  5.1292  4.2176]
103696:[ 1.158  1.17   1.166  1.152  1.155  1.162][ 6.367  7.368  7.368  7.076  4.512  4.526]
105386:[ 1.086  1.088][ 4.244  6.815]
105388:[ 1.159  1.155][ 5.431  5.002]

R=3.5716 m
102115:[ 1.128  1.146][ 4.588  4.852]
102116:[ 1.157  1.152  1.162  1.152][ 4.042  4.589  3.818  3.157]
103324:[ 1.121  1.128  1.125][ 4.7603  4.8188  2.9206]
103325:[ 1.1476  1.1297  1.1372][ 4.7203  4.7446  3.7726]
103696:[ 1.158  1.17   1.166  1.152  1.155  1.162][ 6.001  7.323  7.323  6.059  4.038  4.053]
105386:[ 1.086  1.088][ 4.573  5.3  ]
105388:[ 1.159  1.155][ 4.874  4.85 ]

R=3.6393 m
102115:[ 1.128  1.146][ 3.432  2.926]
102116:[ 1.157  1.152  1.162  1.152][ 3.039  3.413  2.537  2.697]
103324:[ 1.121  1.128  1.125][ 3.9179  3.8526  2.4489]
103325:[ 1.1476  1.1297  1.1372][ 3.9109  3.6713  3.1051]
103696:[ 1.158  1.17   1.166  1.152  1.155  1.162][ 5.591  6.269  6.269  5.348  3.975  3.987]
105386:[ 1.086  1.088][ 3.38   4.135]
105388:[ 1.159  1.155][ 3.325  3.534]

R=3.7092 m
102115:[ 1.128  1.146][ 2.042  1.558]
102116:[ 1.157  1.152  1.162  1.152][ 1.253  1.695  0.682  2.011]
103324:[ 1.121  1.128  1.125][ 2.3067  2.0405  1.6278]
103325:[ 1.1476  1.1297  1.1372][ 1.9527  1.896   2.0751]
103696:[ 1.158  1.17   1.166  1.152  1.155  1.162][ 4.315  4.47   4.47   4.27   2.616  2.623]
105386:[ 1.086  1.088][-0.468  0.47 ]
105388:[ 1.159  1.155][ 0.384 -0.526]

