R=3.0630 m
102115:[ 1.1535  1.1519  1.1848  1.2069][ 7.671   1.7698  2.0127  2.207 ]
102116:[ 1.1576  1.1694  1.1886  1.2029][ 4.6025  0.7162  2.1422  0.8539]
102117:[ 1.1705  1.1781  1.1984  1.2102][ 2.3439  3.9726  1.0008  0.3707]
102118:[ 1.187 ][ 0.257 ]

R=3.1410 m
102115:[ 1.1535  1.1519  1.1848  1.2069][ 6.5784  5.1535  1.7443  2.1538]
102116:[ 1.1576  1.1694  1.1886  1.2029][ 3.777   4.4539  1.7315  1.8824]
102117:[ 1.1705  1.1781  1.1984  1.2102][ 3.1322  3.2251  0.2556 -0.2005]
102118:[ 1.187 ][ 1.4983 ]

R=3.2165 m
102115:[ 1.1535  1.1519  1.1848  1.2069][ 5.6922  4.7333  2.8879  0.8227]
102116:[ 1.1576  1.1694  1.1886  1.2029][ 4.4413  4.7661  1.7979 -0.4455]
102117:[ 1.1705  1.1781  1.1984  1.2102][ 4.345   4.52    1.363   0.1952]
102118:[ 1.187 ][ 0.223 ]

R=3.2880 m
102115:[ 1.1535  1.1519  1.1848  1.2069][ 6.443   5.7602  4.0437  2.8045]
102116:[ 1.1576  1.1694  1.1886  1.2029][ 5.9479  4.5398  4.7907  1.5521]
102117:[ 1.1705  1.1781  1.1984  1.2102][ 5.0894  5.5416  3.1711  1.6603]
102118:[ 1.187 ][ 1.1392 ]

R=3.3622 m
102115:[ 1.1535  1.1519  1.1848  1.2069][ 5.6474  6.1717  5.329   2.8923]
102116:[ 1.1576  1.1694  1.1886  1.2029][ 5.9465  4.8177  4.934   2.5453]
102117:[ 1.1705  1.1781  1.1984  1.2102][ 5.2964  6.3635  4.6621  3.293 ]
102118:[ 1.187 ][ 2.4045 ]

R=3.4322 m
102115:[ 1.1535  1.1519  1.1848  1.2069][ 5.1742  5.024   5.9734  4.327 ]
102116:[ 1.1576  1.1694  1.1886  1.2029][ 4.5171  6.0196  5.2747  3.9387]
102117:[ 1.1705  1.1781  1.1984  1.2102][ 5.3005  6.2188  5.867   4.5889]
102118:[ 1.187 ][ 3.6613 ]

R=3.5013 m
102115:[ 1.1535  1.1519  1.1848  1.2069][ 4.7391  5.3184  5.999   5.1842]
102116:[ 1.1576  1.1694  1.1886  1.2029][ 5.5494  5.2268  6.0354  4.7008]
102117:[ 1.1705  1.1781  1.1984  1.2102][ 5.1343  5.8692  5.9587  5.5479]
102118:[ 1.187 ][ 2.6966 ]

R=3.5707 m
102115:[ 1.1535  1.1519  1.1848  1.2069][ 4.2191  4.5368  4.4408  3.5016]
102116:[ 1.1576  1.1694  1.1886  1.2029][ 4.6197  4.5551  4.4469  3.2625]
102117:[ 1.1705  1.1781  1.1984  1.2102][ 4.0475  5.0252  5.0316  4.8402]
102118:[ 1.187 ][ 2.6687 ]

R=3.6376 m
102115:[ 1.1535  1.1519  1.1848  1.2069][ 2.8119  3.0618  4.2142  3.1958]
102116:[ 1.1576  1.1694  1.1886  1.2029][ 2.9588  2.8789  4.2305  3.3237]
102117:[ 1.1705  1.1781  1.1984  1.2102][ 2.5718  3.5723  3.8111  3.9411]
102118:[ 1.187 ][ 2.6003 ]

R=3.7069 m
102115:[ 1.1535  1.1519  1.1848  1.2069][ 0.1679  0.7703  2.0208  1.5967]
102116:[ 1.1576  1.1694  1.1886  1.2029][ 0.6875  1.0213  1.4421  1.9237]
102117:[ 1.1705  1.1781  1.1984  1.2102][-0.5561  1.186   1.4785  1.9728]
102118:[ 1.187 ][ 1.6024 ]
