R=3.0627 m
102115:[ 1.140604  1.5903    1.745748  1.712998  1.471039][ 2.35  2.04  1.29  3.67  3.67]
102116:[ 1.54721   1.803173  1.799597][-0.04  2.17  3.31]
103324:[ 1.129332  1.780663  1.896511  1.784693][ 4.1   3.53  6.89  6.49]
103325:[ 1.68806   1.905226  1.859931][ 2.98  6.89  7.1 ]
103696:[ 1.169763  1.168253  1.153955  1.174365  1.20245   1.199302][ 3.6   2.42  2.24  1.36  3.    5.02]

R=3.1409 m
102115:[ 1.140604  1.5903    1.745748  1.712998  1.471039][ 1.76  2.38  4.73  4.65  2.03]
102116:[ 1.54721   1.803173  1.799597][ 1.65  4.71  5.74]
103324:[ 1.129332  1.780663  1.896511  1.784693][ 3.09  1.71  6.05  5.43]
103325:[ 1.68806   1.905226  1.859931][ 1.4   4.94  6.  ]
103696:[ 1.169763  1.168253  1.153955  1.174365  1.20245   1.199302][ 1.32  2.28  2.3   1.27  2.36  3.19]

R=3.2166 m
102115:[ 1.140604  1.5903    1.745748  1.712998  1.471039][ 1.48  1.71  3.1   2.58  2.75]
102116:[ 1.54721   1.803173  1.799597][ 1.64  4.61  3.87]
103324:[ 1.129332  1.780663  1.896511  1.784693][ 1.93  1.34  5.82  5.  ]
103325:[ 1.68806   1.905226  1.859931][ 1.8   4.29  5.36]
103696:[ 1.169763  1.168253  1.153955  1.174365  1.20245   1.199302][ 2.68  2.19  2.83  1.93  2.7   3.79]

R=3.2883 m
102115:[ 1.140604  1.5903    1.745748  1.712998  1.471039][ 0.88  3.22  4.94  4.22  3.36]
102116:[ 1.54721   1.803173  1.799597][ 1.86  5.69  4.76]
103324:[ 1.129332  1.780663  1.896511  1.784693][ 1.35  1.15  5.11  5.09]
103325:[ 1.68806   1.905226  1.859931][ 0.92  4.54  5.48]
103696:[ 1.169763  1.168253  1.153955  1.174365  1.20245   1.199302][ 2.03  2.58  2.27  1.71  3.08  4.76]

R=3.3627 m
102115:[ 1.140604  1.5903    1.745748  1.712998  1.471039][ 2.69  3.64  4.69  5.11  4.49]
102116:[ 1.54721   1.803173  1.799597][ 1.93  5.66  4.38]
103324:[ 1.129332  1.780663  1.896511  1.784693][ 1.46  1.7   5.    5.01]
103325:[ 1.68806   1.905226  1.859931][ 1.09  4.73  5.32]
103696:[ 1.169763  1.168253  1.153955  1.174365  1.20245   1.199302][ 3.42  3.92  3.77  3.25  4.8   5.9 ]

R=3.4329 m
102115:[ 1.140604  1.5903    1.745748  1.712998  1.471039][ 2.61  4.15  5.05  4.87  5.98]
102116:[ 1.54721   1.803173  1.799597][ 2.61  5.47  5.77]
103324:[ 1.129332  1.780663  1.896511  1.784693][ 1.93  1.88  5.16  5.02]
103325:[ 1.68806   1.905226  1.859931][ 1.71  4.86  5.28]
103696:[ 1.169763  1.168253  1.153955  1.174365  1.20245   1.199302][ 3.82  4.16  4.69  4.03  5.64  7.07]

R=3.5022 m
102115:[ 1.140604  1.5903    1.745748  1.712998  1.471039][ 5.06  4.64  4.87  5.09  5.37]
102116:[ 1.54721   1.803173  1.799597][ 4.    4.95  5.1 ]
103324:[ 1.129332  1.780663  1.896511  1.784693][ 2.37  2.58  5.43  5.14]
103325:[ 1.68806   1.905226  1.859931][ 1.97  5.    5.36]
103696:[ 1.169763  1.168253  1.153955  1.174365  1.20245   1.199302][ 3.41  4.23  4.61  4.53  7.27  7.79]

R=3.5718 m
102115:[ 1.140604  1.5903    1.745748  1.712998  1.471039][ 3.75  3.38  4.01  4.1   4.42]
102116:[ 1.54721   1.803173  1.799597][ 3.31  4.58  4.31]
103324:[ 1.129332  1.780663  1.896511  1.784693][ 1.97  2.33  4.62  4.42]
103325:[ 1.68806   1.905226  1.859931][ 1.69  4.54  4.76]
103696:[ 1.169763  1.168253  1.153955  1.174365  1.20245   1.199302][ 3.79  3.67  4.41  4.23  6.93  6.91]

R=3.6389 m
102115:[ 1.140604  1.5903    1.745748  1.712998  1.471039][ 2.91  2.95  3.22  2.84  3.25]
102116:[ 1.54721   1.803173  1.799597][ 2.67  3.58  3.42]
103324:[ 1.129332  1.780663  1.896511  1.784693][ 2.58  2.52  3.89  3.43]
103325:[ 1.68806   1.905226  1.859931][ 2.47  3.78  3.94]
103696:[ 1.169763  1.168253  1.153955  1.174365  1.20245   1.199302][ 4.13  4.33  4.32  3.81  5.91  6.02]

R=3.7084 m
102115:[ 1.140604  1.5903    1.745748  1.712998  1.471039][ 0.8   2.29  1.83  0.87  0.62]
102116:[ 1.54721   1.803173  1.799597][ 1.93  2.28  1.33]
103324:[ 1.129332  1.780663  1.896511  1.784693][ 2.93  1.75  2.31  1.7 ]
103325:[ 1.68806   1.905226  1.859931][ 2.25  2.35  2.1 ]
103696:[ 1.169763  1.168253  1.153955  1.174365  1.20245   1.199302][ 3.89  3.74  3.8   2.43  3.65  3.66]