R=3.0575 m
102115:[ 1.3711  1.6816  1.701   1.58    1.1988  1.0996  1.1323  1.1281][ 2.21  4.81  2.5   3.94  0.43 -2.61 -0.5  -1.55]
102116:[ 1.3709  1.6923  1.7085  1.5927  1.2171  1.0859  1.1397  1.1567][ 2.55  3.38  0.96  3.27  3.7  -2.61  4.46 -0.08]
103324:[ 1.5792  1.218   1.0237  1.1082][ 1.62  0.68  1.62  0.72]
103325:[ 1.7489  1.4155  1.0502  1.1108][ 3.58  4.15  0.62  2.32]
103696:[ 1.3597  1.0005  1.1329  1.1613][ 2.15  0.47 -0.15  1.56]
105388:[ 2.024   1.1733][ 5.28  3.44]

R=3.1365 m
102115:[ 1.3711  1.6816  1.701   1.58    1.1988  1.0996  1.1323  1.1281][ 0.55  3.35  4.29  3.6   1.68  1.    3.22  0.44]
102116:[ 1.3709  1.6923  1.7085  1.5927  1.2171  1.0859  1.1397  1.1567][-1.89  2.94  5.28  2.26  2.1   1.67  0.48  3.63]
103324:[ 1.5792  1.218   1.0237  1.1082][ 0.14  0.58  2.29  1.9 ]
103325:[ 1.7489  1.4155  1.0502  1.1108][ 5.06  2.58  0.79  0.71]
103696:[ 1.3597  1.0005  1.1329  1.1613][ 0.79  0.52  0.68  1.1 ]
105388:[ 2.024   1.1733][ 4.67  0.36]

R=3.2129 m
102115:[ 1.3711  1.6816  1.701   1.58    1.1988  1.0996  1.1323  1.1281][ 0.81  3.1   3.53  2.14 -0.92  0.06  0.74  1.13]
102116:[ 1.3709  1.6923  1.7085  1.5927  1.2171  1.0859  1.1397  1.1567][ 0.68  3.43  4.98  2.45  1.4   2.37  1.71 -1.06]
103324:[ 1.5792  1.218   1.0237  1.1082][ 1.02  0.06  0.94  2.07]
103325:[ 1.7489  1.4155  1.0502  1.1108][ 4.81  2.24 -0.08  0.51]
103696:[ 1.3597  1.0005  1.1329  1.1613][-0.01 -0.46 -0.37  1.14]
105388:[ 2.024   1.1733][ 4.47  1.05]

R=3.2853 m
102115:[ 1.3711  1.6816  1.701   1.58    1.1988  1.0996  1.1323  1.1281][ 2.06  3.64  5.21  3.2   3.22  2.82  2.53  1.07]
102116:[ 1.3709  1.6923  1.7085  1.5927  1.2171  1.0859  1.1397  1.1567][ 2.02  4.87  4.83  2.61  3.14  2.6   2.51  2.08]
103324:[ 1.5792  1.218   1.0237  1.1082][ 2.38  0.76  1.12  2.13]
103325:[ 1.7489  1.4155  1.0502  1.1108][ 4.67  3.26  0.94  1.18]
103696:[ 1.3597  1.0005  1.1329  1.1613][ 2.03  1.23  2.08  1.95]
105388:[ 2.024   1.1733][ 4.93  3.95]

R=3.3603 m
102115:[ 1.3711  1.6816  1.701   1.58    1.1988  1.0996  1.1323  1.1281][ 2.79  4.33  5.13  4.22  5.11  3.53  3.33  3.62]
102116:[ 1.3709  1.6923  1.7085  1.5927  1.2171  1.0859  1.1397  1.1567][ 3.21  4.87  4.75  4.77  4.96  3.11  2.2   2.73]
103324:[ 1.5792  1.218   1.0237  1.1082][ 3.13  3.28  2.71  3.47]
103325:[ 1.7489  1.4155  1.0502  1.1108][ 5.36  5.01  2.98  2.51]
103696:[ 1.3597  1.0005  1.1329  1.1613][ 4.87  3.36  3.6   3.96]
105388:[ 2.024   1.1733][ 4.97  6.01]

R=3.4311 m
102115:[ 1.3711  1.6816  1.701   1.58    1.1988  1.0996  1.1323  1.1281][ 3.83  4.88  4.48  5.8   4.88  3.22  3.1   4.6 ]
102116:[ 1.3709  1.6923  1.7085  1.5927  1.2171  1.0859  1.1397  1.1567][ 3.04  4.46  5.03  5.46  5.25  3.69  3.56  4.15]
103324:[ 1.5792  1.218   1.0237  1.1082][ 4.22  4.92  4.36  4.92]
103325:[ 1.7489  1.4155  1.0502  1.1108][ 5.37  6.5   5.25  3.86]
103696:[ 1.3597  1.0005  1.1329  1.1613][ 6.97  5.04  5.44  5.01]
105388:[ 2.024   1.1733][ 4.84  7.95]

R=3.5008 m
102115:[ 1.3711  1.6816  1.701   1.58    1.1988  1.0996  1.1323  1.1281][ 3.41  4.85  5.31  5.16  6.62  4.36  5.47  5.01]
102116:[ 1.3709  1.6923  1.7085  1.5927  1.2171  1.0859  1.1397  1.1567][ 4.19  4.76  5.5   5.62  6.65  4.78  4.96  5.15]
103324:[ 1.5792  1.218   1.0237  1.1082][ 5.28  6.53  5.62  6.09]
103325:[ 1.7489  1.4155  1.0502  1.1108][ 5.63  6.59  5.68  5.2 ]
103696:[ 1.3597  1.0005  1.1329  1.1613][ 7.68  6.1   6.25  6.08]
105388:[ 2.024   1.1733][ 4.92  6.93]

R=3.5708 m
102115:[ 1.3711  1.6816  1.701   1.58    1.1988  1.0996  1.1323  1.1281][ 3.2   3.89  4.4   4.23  5.36  4.41  4.42  4.59]
102116:[ 1.3709  1.6923  1.7085  1.5927  1.2171  1.0859  1.1397  1.1567][ 3.34  4.12  4.07  4.39  5.91  3.95  4.63  4.04]
103324:[ 1.5792  1.218   1.0237  1.1082][ 4.7   5.36  5.23  5.44]
103325:[ 1.7489  1.4155  1.0502  1.1108][ 4.86  5.7   5.38  4.9 ]
103696:[ 1.3597  1.0005  1.1329  1.1613][ 6.25  5.7   6.27  5.86]
105388:[ 2.024   1.1733][ 4.26  5.93]

R=3.6381 m
102115:[ 1.3711  1.6816  1.701   1.58    1.1988  1.0996  1.1323  1.1281][ 2.49  3.29  3.17  3.26  4.3   3.36  3.29  3.43]
102116:[ 1.3709  1.6923  1.7085  1.5927  1.2171  1.0859  1.1397  1.1567][ 2.36  3.24  3.36  3.4   3.75  3.13  3.33  3.04]
103324:[ 1.5792  1.218   1.0237  1.1082][ 3.68  4.31  3.69  4.4 ]
103325:[ 1.7489  1.4155  1.0502  1.1108][ 3.92  4.43  3.96  3.81]
103696:[ 1.3597  1.0005  1.1329  1.1613][ 5.3   4.18  4.56  4.64]
105388:[ 2.024   1.1733][ 3.91  5.15]

R=3.7079 m
102115:[ 1.3711  1.6816  1.701   1.58    1.1988  1.0996  1.1323  1.1281][ 0.92  2.38  2.24  2.11  1.89  1.11  1.65  2.04]
102116:[ 1.3709  1.6923  1.7085  1.5927  1.2171  1.0859  1.1397  1.1567][ 1.38  2.19  1.89  1.91  1.51  2.03  0.95  1.25]
103324:[ 1.5792  1.218   1.0237  1.1082][ 1.71  1.98  1.67  1.68]
103325:[ 1.7489  1.4155  1.0502  1.1108][ 1.66  1.55  1.43  1.58]
103696:[ 1.3597  1.0005  1.1329  1.1613][ 2.5   2.34  2.07  2.88]
105388:[ 2.024   1.1733][ 1.18  0.35]

